[print-page-setup]
PPDName=Letter
DisplayName=US Letter
Width=215.89999389648438
Height=279.39999389648438
MarginTop=3.1749999999999998
MarginBottom=3.1749999999999998
MarginLeft=3.1749999999999998
MarginRight=3.1749999999999998
Orientation=portrait
